Best parameter:[4, 3, 10]
Minimum output:7.876550356547038
Parameters of each iteration:[[2, 4, 5], [5, 2, 2], [2, 2, 4], [6, 1, 15], [3, 2, 16], [7, 3, 31], [4, 3, 10], [6, 2, 15], [7, 3, 9], [7, 3, 2], [8, 1, 16], [3, 1, 11], [4, 4, 15], [4, 1, 10], [4, 4, 10], [4, 4, 10], [4, 3, 10], [3, 4, 10], [6, 3, 10], [2, 1, 16], [4, 3, 8], [6, 4, 1], [4, 4, 3], [8, 2, 1], [3, 1, 19], [4, 3, 9], [2, 4, 32], [5, 4, 6], [5, 4, 6], [5, 4, 6], [5, 4, 6], [5, 4, 6], [3, 4, 1], [3, 4, 14], [5, 1, 32], [5, 4, 5], [5, 4, 6], [5, 4, 6], [5, 4, 6], [5, 4, 6], [5, 4, 6], [5, 4, 6], [5, 4, 6], [5, 4, 6], [5, 4, 6], [7, 1, 1], [2, 4, 12], [5, 4, 6], [5, 4, 6], [5, 4, 6]]
Output of each iteration:[15.92050004 11.70242421 16.68712219 28.29738808  9.54921071 28.29738808
  7.88044564 28.29738808 28.29738808 11.16281144 28.29738808 11.94763923
 28.29738808 11.44119938  8.23626137  8.43387008  7.87655036 10.8777744
 28.29738808 16.69933844  8.4179426  17.4750243  10.89503797 14.58011675
 13.82478706  7.94768635 28.29738808  8.21567941  8.68487573  8.89814957
  9.21658413  8.29385583 30.88453341 10.30597989 28.29738808  9.05064138
  8.9477245   8.41914097  8.71946406  8.92471512  8.82668257  8.65844274
  8.89373708  8.69074496  8.67771077 14.4990689  12.87258951  8.53243589
  8.92758083  8.90140033]
Best parameter:[6, 1, 15]
Minimum output:0.050434271494547524
Parameters of each iteration:[[2, 4, 5], [5, 2, 2], [2, 2, 4], [6, 1, 15], [3, 2, 16], [7, 3, 31], [4, 3, 10], [6, 2, 15], [7, 3, 9], [7, 3, 2], [2, 1, 31], [8, 4, 26], [8, 1, 32], [8, 1, 15], [7, 1, 23], [3, 1, 13], [6, 2, 32], [5, 4, 32], [6, 3, 32], [8, 2, 1], [2, 3, 32], [6, 4, 1], [8, 4, 31], [4, 4, 32], [3, 3, 32], [2, 1, 26], [2, 3, 4], [4, 2, 2], [2, 2, 23], [6, 3, 23], [7, 1, 11], [4, 3, 27], [4, 4, 14], [2, 2, 1], [6, 2, 32], [6, 2, 3], [6, 2, 2], [2, 2, 5], [6, 3, 31], [5, 4, 32], [5, 2, 15], [5, 4, 32], [5, 2, 16], [6, 3, 9], [2, 2, 4], [4, 4, 32], [7, 2, 32], [5, 3, 32], [8, 1, 32], [4, 4, 32]]
Output of each iteration:[1.88436190e-01 2.77165095e-01 1.68629567e-01 5.04342715e-02
 1.67991320e-01 5.04342715e-02 2.33476082e-01 5.04342715e-02
 5.04342715e-02 3.01298062e-01 2.65168924e+01 5.04342715e-02
 5.04342715e-02 5.04342715e-02 5.04342715e-02 1.80427008e+01
 5.04342715e-02 5.04342715e-02 5.04342715e-02 1.56432912e+01
 5.04342715e-02 2.00151993e+01 5.04342715e-02 5.04342715e-02
 5.04342715e-02 2.23948002e+01 3.35013560e+01 1.91560810e+01
 2.67623205e+01 5.04342715e-02 5.04342715e-02 5.04342715e-02
 5.04342715e-02 7.14028103e+01 5.04342715e-02 1.19941974e+01
 1.44088828e+01 3.00870310e+01 5.04342715e-02 5.04342715e-02
 5.04342715e-02 5.04342715e-02 5.04342715e-02 5.04342715e-02
 3.75976945e+01 5.04342715e-02 5.04342715e-02 5.04342715e-02
 5.04342715e-02 5.04342715e-02]
